3,2
3,1
3,3
10,227
10,113
10,123
10,129
10,171
10,273
10,195
10,213
10,2
10,3
11,14
11,7
11,13
11,15
9,5
9,7
8,17
8,18
8,13
8,2
8,3
0,502
81,3
81,2
81,1
81,0
80,3
80,2
80,1
80,0
79,3
79,2
79,1
79,0
78,3
78,2
78,1
78,0
77,4
77,3
77,2
77,1
77,0
76,4
76,3
76,2
76,1
76,0
74,4
74,3
74,2
74,1
74,0
72,4
72,3
72,2
72,1
72,0
70,4
70,3
70,2
70,1
70,0
69,3
69,2
69,1
69,0
42,3
42,2
42,1
42,0
41,3
41,2
41,1
41,0
39,3
39,2
39,1
39,0
38,3
38,2
38,1
38,0
20,3
20,2
20,1
19,3
19,2
19,1
18,3
18,1
14,3
14,1
13,3
13,1
12,3
12,2
12,1
11,30
11,29
11,28
11,27
11,26
11,25
11,24
11,23
11,22
11,21
11,20
11,19
11,18
11,17
11,16
11,12
